4 0 52
5 0 52
6 0 52
7 0 52
8 0 52
9 0 52
10 0 52
11 0 52
12 0 52
13 0 52
4 0 53
5 0 53
6 0 53
7 0 53
8 0 53
9 1 53
10 0 53
11 0 53
12 0 53
13 0 53
4 0 54
5 0 54
6 0 54
7 0 54
8 0 54
9 1 54
10 1 54
11 0 54
12 0 54
13 0 54
4 0 55
5 0 55
6 0 55
7 0 55
8 0 55
9 1 55
10 1 55
11 1 55
12 0 55
13 0 55
4 0 56
5 0 56
6 0 56
7 0 56
8 0 56
9 1 56
10 1 56
11 1 56
12 1 56
13 0 56
4 0 57
5 0 57
6 0 57
7 0 57
8 0 57
9 1 57
10 1 57
11 1 57
12 1 57
13 1 57
4 0 58
5 0 58
6 0 58
7 0 58
8 0 58
9 1 58
10 1 58
11 1 58
12 1 58
13 1 58
4 0 59
5 0 59
6 0 59
7 0 59
8 0 59
9 1 59
10 1 59
11 1 59
12 1 59
13 1 59
4 0 60
5 0 60
6 0 60
7 0 60
8 0 60
9 2 60
10 1 60
11 1 60
12 1 60
13 1 60
4 0 61
5 0 61
6 0 61
7 0 61
8 0 61
9 2 61
10 1 61
11 1 61
12 1 61
13 1 61
4 0 62
5 0 62
6 0 62
7 0 62
8 0 62
9 2 62
10 1 62
11 1 62
12 1 62
13 1 62
4 0 63
5 0 63
6 0 63
7 0 63
8 0 63
9 2 63
10 2 63
11 1 63
12 1 63
13 1 63
4 0 64
5 0 64
6 0 64
7 0 64
8 0 64
9 2 64
10 2 64
11 1 64
12 1 64
13 1 64
4 0 65
5 0 65
6 0 65
7 0 65
8 0 65
9 2 65
10 2 65
11 1 65
12 1 65
13 1 65
4 0 66
5 0 66
6 0 66
7 0 66
8 0 66
9 2 66
10 2 66
11 2 66
12 1 66
13 1 66
4 0 67
5 0 67
6 0 67
7 0 67
8 0 67
9 2 67
10 2 67
11 2 67
12 1 67
13 1 67
4 0 68
5 0 68
6 0 68
7 0 68
8 0 68
9 2 68
10 2 68
11 2 68
12 1 68
13 1 68
4 0 69
5 0 69
6 0 69
7 0 69
8 0 69
9 2 69
10 2 69
11 2 69
12 2 69
13 1 69
4 0 70
5 0 70
6 0 70
7 0 70
8 0 70
9 2 70
10 2 70
11 2 70
12 2 70
13 1 70
4 0 71
5 0 71
6 0 71
7 0 71
8 0 71
9 2 71
10 2 71
11 2 71
12 2 71
13 1 71
4 0 72
5 0 72
6 0 72
7 0 72
8 0 72
9 2 72
10 2 72
11 2 72
12 2 72
13 2 72
4 0 73
5 0 73
6 0 73
7 0 73
8 0 73
9 2 73
10 2 73
11 2 73
12 2 73
13 2 73
4 0 74
5 0 74
6 0 74
7 0 74
8 0 74
9 2 74
10 2 74
11 2 74
12 2 74
13 2 74
4 0 75
5 0 75
6 0 75
7 0 75
8 0 75
9 2 75
10 2 75
11 2 75
12 2 75
13 2 75
4 0 76
5 0 76
6 0 76
7 0 76
8 0 76
9 2 76
10 2 76
11 2 76
12 2 76
13 2 76
4 0 77
5 0 77
6 0 77
7 0 77
8 0 77
9 2 77
10 2 77
11 2 77
12 2 77
13 2 77
4 0 78
5 0 78
6 0 78
7 0 78
8 0 78
9 2 78
10 2 78
11 2 78
12 2 78
13 2 78
4 0 79
5 0 79
6 0 79
7 0 79
8 0 79
9 2 79
10 2 79
11 2 79
12 2 79
13 2 79
4 0 80
5 0 80
6 0 80
7 0 80
8 0 80
9 2 80
10 2 80
11 2 80
12 2 80
13 2 80
4 0 81
5 0 81
6 0 81
7 0 81
8 0 81
9 3 81
10 2 81
11 2 81
12 2 81
13 2 81
4 0 82
5 0 82
6 0 82
7 0 82
8 0 82
9 3 82
10 2 82
11 2 82
12 2 82
13 2 82
4 0 83
5 0 83
6 0 83
7 0 83
8 0 83
9 3 83
10 2 83
11 2 83
12 2 83
13 2 83
4 0 84
5 0 84
6 0 84
7 0 84
8 0 84
9 3 84
10 2 84
11 2 84
12 2 84
13 2 84
4 0 85
5 0 85
6 0 85
7 0 85
8 0 85
9 3 85
10 2 85
11 2 85
12 2 85
13 2 85
4 0 86
5 0 86
6 0 86
7 0 86
8 0 86
9 3 86
10 2 86
11 2 86
12 2 86
13 2 86
4 0 87
5 0 87
6 0 87
7 0 87
8 0 87
9 3 87
10 2 87
11 2 87
12 2 87
13 2 87
4 0 88
5 0 88
6 0 88
7 0 88
8 0 88
9 3 88
10 2 88
11 2 88
12 2 88
13 2 88
4 0 89
5 0 89
6 0 89
7 0 89
8 0 89
9 3 89
10 2 89
11 2 89
12 2 89
13 2 89
4 0 90
5 0 90
6 0 90
7 0 90
8 0 90
9 3 90
10 3 90
11 2 90
12 2 90
13 2 90
4 0 91
5 0 91
6 0 91
7 0 91
8 0 91
9 3 91
10 3 91
11 2 91
12 2 91
13 2 91
4 0 92
5 0 92
6 0 92
7 0 92
8 0 92
9 3 92
10 3 92
11 2 92
12 2 92
13 2 92
4 0 93
5 0 93
6 0 93
7 0 93
8 0 93
9 3 93
10 3 93
11 2 93
12 2 93
13 2 93
4 0 94
5 0 94
6 0 94
7 0 94
8 0 94
9 3 94
10 3 94
11 2 94
12 2 94
13 2 94
4 0 95
5 0 95
6 0 95
7 0 95
8 0 95
9 3 95
10 3 95
11 2 95
12 2 95
13 2 95
4 0 96
5 0 96
6 0 96
7 0 96
8 0 96
9 3 96
10 3 96
11 2 96
12 2 96
13 2 96
4 0 97
5 0 97
6 0 97
7 0 97
8 0 97
9 3 97
10 3 97
11 2 97
12 2 97
13 2 97
4 0 98
5 0 98
6 0 98
7 0 98
8 0 98
9 3 98
10 3 98
11 2 98
12 2 98
13 2 98
4 0 99
5 0 99
6 0 99
7 0 99
8 0 99
9 3 99
10 3 99
11 3 99
12 1 99
13 2 99
4 0 100
5 0 100
6 0 100
7 0 100
8 0 100
9 3 100
10 3 100
11 3 100
12 1 100
13 2 100
4 0 101
5 0 101
6 0 101
7 0 101
8 0 101
9 3 101
10 3 101
11 3 101
12 1 101
13 2 101
4 0 102
5 0 102
6 0 102
7 0 102
8 0 102
9 3 102
10 3 102
11 3 102
12 2 102
13 1 102
4 0 103
5 0 103
6 0 103
7 0 103
8 0 103
9 3 103
10 3 103
11 3 103
12 2 103
13 1 103
4 0 104
5 0 104
6 0 104
7 0 104
8 0 104
9 3 104
10 3 104
11 3 104
12 2 104
13 1 104
4 0 105
5 0 105
6 0 105
7 0 105
8 0 105
9 3 105
10 3 105
11 3 105
12 2 105
13 2 105
4 0 106
5 0 106
6 0 106
7 0 106
8 0 106
9 3 106
10 3 106
11 3 106
12 2 106
13 2 106
4 0 107
5 0 107
6 0 107
7 0 107
8 0 107
9 3 107
10 3 107
11 3 107
12 2 107
13 2 107
4 0 108
5 0 108
6 0 108
7 0 108
8 0 108
9 3 108
10 3 108
11 3 108
12 2 108
13 2 108
4 0 109
5 0 109
6 0 109
7 0 109
8 0 109
9 3 109
10 3 109
11 3 109
12 2 109
13 2 109
4 0 110
5 0 110
6 0 110
7 0 110
8 0 110
9 3 110
10 3 110
11 3 110
12 2 110
13 2 110
4 0 111
5 0 111
6 0 111
7 0 111
8 0 111
9 2 111
10 3 111
11 3 111
12 2 111
13 2 111
4 0 112
5 0 112
6 0 112
7 0 112
8 0 112
9 2 112
10 3 112
11 3 112
12 2 112
13 2 112
4 0 113
5 0 113
6 0 113
7 0 113
8 0 113
9 2 113
10 3 113
11 3 113
12 2 113
13 2 113
4 0 114
5 0 114
6 0 114
7 0 114
8 0 114
9 2 114
10 3 114
11 3 114
12 3 114
13 2 114
4 0 115
5 0 115
6 0 115
7 0 115
8 0 115
9 2 115
10 3 115
11 3 115
12 3 115
13 2 115
4 0 116
5 0 116
6 0 116
7 0 116
8 0 116
9 2 116
10 3 116
11 3 116
12 3 116
13 2 116
4 0 117
5 0 117
6 0 117
7 0 117
8 0 117
9 2 117
10 3 117
11 3 117
12 3 117
13 2 117
4 0 118
5 0 118
6 0 118
7 0 118
8 0 118
9 2 118
10 3 118
11 3 118
12 3 118
13 2 118
4 0 119
5 0 119
6 0 119
7 0 119
8 0 119
9 2 119
10 3 119
11 3 119
12 3 119
13 2 119
4 0 120
5 0 120
6 0 120
7 0 120
8 0 120
9 2 120
10 2 120
11 3 120
12 3 120
13 2 120
4 0 121
5 0 121
6 0 121
7 0 121
8 0 121
9 2 121
10 2 121
11 3 121
12 3 121
13 2 121
4 0 122
5 0 122
6 0 122
7 0 122
8 0 122
9 2 122
10 2 122
11 3 122
12 3 122
13 2 122
4 0 123
5 0 123
6 0 123
7 0 123
8 0 123
9 2 123
10 2 123
11 3 123
12 3 123
13 3 123
4 0 124
5 0 124
6 0 124
7 0 124
8 0 124
9 2 124
10 2 124
11 3 124
12 3 124
13 3 124
4 0 125
5 0 125
6 0 125
7 0 125
8 0 125
9 2 125
10 2 125
11 3 125
12 3 125
13 3 125
4 0 126
5 0 126
6 0 126
7 0 126
8 0 126
9 2 126
10 2 126
11 3 126
12 3 126
13 3 126
4 0 127
5 0 127
6 0 127
7 0 127
8 0 127
9 2 127
10 2 127
11 3 127
12 3 127
13 3 127
4 0 128
5 0 128
6 0 128
7 0 128
8 0 128
9 2 128
10 2 128
11 3 128
12 3 128
13 3 128
4 0 129
5 0 129
6 0 129
7 0 129
8 0 129
9 2 129
10 2 129
11 2 129
12 3 129
13 3 129
4 0 130
5 0 130
6 0 130
7 0 130
8 0 130
9 2 130
10 2 130
11 2 130
12 3 130
13 3 130
4 0 131
5 0 131
6 0 131
7 0 131
8 0 131
9 2 131
10 2 131
11 2 131
12 3 131
13 3 131
4 0 132
5 0 132
6 0 132
7 0 132
8 0 132
9 3 132
10 2 132
11 2 132
12 3 132
13 3 132
4 0 133
5 0 133
6 0 133
7 0 133
8 0 133
9 3 133
10 2 133
11 2 133
12 3 133
13 3 133
4 0 134
5 0 134
6 0 134
7 0 134
8 0 134
9 3 134
10 2 134
11 2 134
12 3 134
13 3 134
4 0 135
5 0 135
6 0 135
7 0 135
8 0 135
9 3 135
10 2 135
11 2 135
12 3 135
13 3 135
4 0 136
5 0 136
6 0 136
7 0 136
8 0 136
9 3 136
10 2 136
11 2 136
12 3 136
13 3 136
4 0 137
5 0 137
6 0 137
7 0 137
8 0 137
9 3 137
10 2 137
11 2 137
12 3 137
13 3 137
4 0 138
5 0 138
6 0 138
7 0 138
8 0 138
9 3 138
10 2 138
11 2 138
12 3 138
13 3 138
4 0 139
5 0 139
6 0 139
7 0 139
8 0 139
9 3 139
10 2 139
11 2 139
12 3 139
13 3 139
4 0 140
5 0 140
6 0 140
7 0 140
8 0 140
9 3 140
10 2 140
11 2 140
12 3 140
13 3 140
4 0 141
5 0 141
6 0 141
7 0 141
8 0 141
9 3 141
10 3 141
11 2 141
12 3 141
13 3 141
4 0 142
5 0 142
6 0 142
7 0 142
8 0 142
9 3 142
10 3 142
11 2 142
12 3 142
13 3 142
4 0 143
5 0 143
6 0 143
7 0 143
8 0 143
9 3 143
10 3 143
11 2 143
12 3 143
13 3 143
4 0 144
5 0 144
6 0 144
7 0 144
8 0 144
9 3 144
10 3 144
11 2 144
12 2 144
13 3 144
4 0 145
5 0 145
6 0 145
7 0 145
8 0 145
9 3 145
10 3 145
11 2 145
12 2 145
13 3 145
4 0 146
5 0 146
6 0 146
7 0 146
8 0 146
9 3 146
10 3 146
11 2 146
12 2 146
13 3 146
4 0 147
5 0 147
6 0 147
7 0 147
8 0 147
9 3 147
10 3 147
11 2 147
12 2 147
13 3 147
4 0 148
5 0 148
6 0 148
7 0 148
8 0 148
9 3 148
10 3 148
11 2 148
12 2 148
13 3 148
4 0 149
5 0 149
6 0 149
7 0 149
8 0 149
9 3 149
10 3 149
11 2 149
12 2 149
13 3 149
4 0 150
5 0 150
6 0 150
7 0 150
8 0 150
9 3 150
10 3 150
11 3 150
12 2 150
13 3 150
4 0 151
5 0 151
6 0 151
7 0 151
8 0 151
9 3 151
10 3 151
11 3 151
12 2 151
13 3 151
4 0 152
5 0 152
6 0 152
7 0 152
8 0 152
9 3 152
10 3 152
11 3 152
12 2 152
13 3 152
4 0 153
5 0 153
6 0 153
7 0 153
8 0 153
9 3 153
10 3 153
11 3 153
12 2 153
13 2 153
4 0 154
5 0 154
6 0 154
7 0 154
8 0 154
9 3 154
10 3 154
11 3 154
12 2 154
13 2 154
4 0 155
5 0 155
6 0 155
7 0 155
8 0 155
9 3 155
10 3 155
11 3 155
12 2 155
13 2 155
4 0 156
5 0 156
6 0 156
7 0 156
8 0 156
9 3 156
10 3 156
11 3 156
12 2 156
13 2 156
4 0 157
5 0 157
6 0 157
7 0 157
8 0 157
9 3 157
10 3 157
11 3 157
12 2 157
13 2 157
4 0 158
5 0 158
6 0 158
7 0 158
8 0 158
9 3 158
10 3 158
11 3 158
12 2 158
13 2 158
4 0 159
5 0 159
6 0 159
7 0 159
8 0 159
9 3 159
10 3 159
11 3 159
12 3 159
13 2 159
4 0 160
5 0 160
6 0 160
7 0 160
8 0 160
9 3 160
10 3 160
11 3 160
12 3 160
13 2 160
4 0 161
5 0 161
6 0 161
7 0 161
8 0 161
9 3 161
10 3 161
11 3 161
12 3 161
13 2 161
4 0 162
5 0 162
6 0 162
7 0 162
8 0 162
9 2 162
10 3 162
11 3 162
12 3 162
13 2 162
4 0 163
5 0 163
6 0 163
7 0 163
8 0 163
9 2 163
10 3 163
11 3 163
12 3 163
13 2 163
4 0 164
5 0 164
6 0 164
7 0 164
8 0 164
9 2 164
10 3 164
11 3 164
12 3 164
13 2 164
4 0 165
5 0 165
6 0 165
7 0 165
8 0 165
9 2 165
10 3 165
11 3 165
12 3 165
13 2 165
4 0 166
5 0 166
6 0 166
7 0 166
8 0 166
9 2 166
10 3 166
11 3 166
12 3 166
13 2 166
4 0 167
5 0 167
6 0 167
7 0 167
8 0 167
9 2 167
10 3 167
11 3 167
12 3 167
13 2 167
4 0 168
5 0 168
6 0 168
7 0 168
8 0 168
9 2 168
10 3 168
11 3 168
12 3 168
13 3 168
4 0 169
5 0 169
6 0 169
7 0 169
8 0 169
9 2 169
10 3 169
11 3 169
12 3 169
13 3 169
4 0 170
5 0 170
6 0 170
7 0 170
8 0 170
9 2 170
10 3 170
11 3 170
12 3 170
13 3 170
4 0 171
5 0 171
6 0 171
7 0 171
8 0 171
9 2 171
10 2 171
11 3 171
12 3 171
13 3 171
4 0 172
5 0 172
6 0 172
7 0 172
8 0 172
9 2 172
10 2 172
11 3 172
12 3 172
13 3 172
4 0 173
5 0 173
6 0 173
7 0 173
8 0 173
9 2 173
10 2 173
11 3 173
12 3 173
13 3 173
4 0 174
5 0 174
6 0 174
7 0 174
8 0 174
9 2 174
10 2 174
11 3 174
12 3 174
13 3 174
4 0 175
5 0 175
6 0 175
7 0 175
8 0 175
9 2 175
10 2 175
11 3 175
12 3 175
13 3 175
4 0 176
5 0 176
6 0 176
7 0 176
8 0 176
9 2 176
10 2 176
11 3 176
12 3 176
13 3 176
4 0 177
5 0 177
6 0 177
7 0 177
8 0 177
9 3 177
10 2 177
11 3 177
12 3 177
13 3 177
4 0 178
5 0 178
6 0 178
7 0 178
8 0 178
9 3 178
10 2 178
11 3 178
12 3 178
13 3 178
4 0 179
5 0 179
6 0 179
7 0 179
8 0 179
9 3 179
10 2 179
11 3 179
12 3 179
13 3 179
4 0 180
5 0 180
6 0 180
7 0 180
8 0 180
9 3 180
10 2 180
11 2 180
12 3 180
13 3 180
4 0 181
5 0 181
6 0 181
7 0 181
8 0 181
9 3 181
10 2 181
11 2 181
12 3 181
13 3 181
4 0 182
5 0 182
6 0 182
7 0 182
8 0 182
9 3 182
10 2 182
11 2 182
12 3 182
13 3 182
4 0 183
5 0 183
6 0 183
7 0 183
8 0 183
9 3 183
10 2 183
11 2 183
12 3 183
13 3 183
4 0 184
5 0 184
6 0 184
7 0 184
8 0 184
9 3 184
10 2 184
11 2 184
12 3 184
13 3 184
4 0 185
5 0 185
6 0 185
7 0 185
8 0 185
9 3 185
10 2 185
11 2 185
12 3 185
13 3 185
4 0 186
5 0 186
6 0 186
7 0 186
8 0 186
9 3 186
10 3 186
11 2 186
12 3 186
13 3 186
4 0 187
5 0 187
6 0 187
7 0 187
8 0 187
9 3 187
10 3 187
11 2 187
12 3 187
13 3 187
4 0 188
5 0 188
6 0 188
7 0 188
8 0 188
9 3 188
10 3 188
11 2 188
12 3 188
13 3 188
4 0 189
5 0 189
6 0 189
7 0 189
8 0 189
9 3 189
10 3 189
11 2 189
12 2 189
13 3 189
4 0 190
5 0 190
6 0 190
7 0 190
8 0 190
9 3 190
10 3 190
11 2 190
12 2 190
13 3 190
4 0 191
5 0 191
6 0 191
7 0 191
8 0 191
9 3 191
10 3 191
11 2 191
12 2 191
13 3 191
4 0 192
5 0 192
6 0 192
7 0 192
8 0 192
9 3 192
10 3 192
11 2 192
12 2 192
13 3 192
4 0 193
5 0 193
6 0 193
7 0 193
8 0 193
9 3 193
10 3 193
11 2 193
12 2 193
13 3 193
4 0 194
5 0 194
6 0 194
7 0 194
8 0 194
9 3 194
10 3 194
11 2 194
12 2 194
13 3 194
4 0 195
5 0 195
6 0 195
7 0 195
8 0 195
9 3 195
10 3 195
11 3 195
12 2 195
13 3 195
4 0 196
5 0 196
6 0 196
7 0 196
8 0 196
9 3 196
10 3 196
11 3 196
12 2 196
13 3 196
4 0 197
5 0 197
6 0 197
7 0 197
8 0 197
9 3 197
10 3 197
11 3 197
12 2 197
13 3 197
4 0 198
5 0 198
6 0 198
7 0 198
8 0 198
9 3 198
10 3 198
11 3 198
12 2 198
13 2 198
4 0 199
5 0 199
6 0 199
7 0 199
8 0 199
9 3 199
10 3 199
11 3 199
12 2 199
13 2 199
4 0 200
5 0 200
6 0 200
7 0 200
8 0 200
9 3 200
10 3 200
11 3 200
12 2 200
13 2 200
4 0 201
5 0 201
6 0 201
7 0 201
8 0 201
9 3 201
10 3 201
11 3 201
13 2 201
4 0 202
5 0 202
6 0 202
7 0 202
8 0 202
9 3 202
10 3 202
11 3 202
13 2 202
4 0 203
5 0 203
6 0 203
7 0 203
8 0 203
9 3 203
10 3 203
11 3 203
13 2 203
4 0 204
5 0 204
6 0 204
7 0 204
8 0 204
9 3 204
10 3 204
11 3 204
13 2 204
4 0 205
5 0 205
6 0 205
7 0 205
8 0 205
9 3 205
10 3 205
11 3 205
13 2 205
4 0 206
5 0 206
6 0 206
7 0 206
8 0 206
9 3 206
10 3 206
11 3 206
13 2 206
4 0 207
5 0 207
6 0 207
7 0 207
8 0 207
9 2 207
10 3 207
11 3 207
13 2 207
4 0 208
5 0 208
6 0 208
7 0 208
8 0 208
9 2 208
10 3 208
11 3 208
4 0 209
5 0 209
6 0 209
7 0 209
8 0 209
10 3 209
11 3 209
4 0 210
5 0 210
6 0 210
7 0 210
8 0 210
11 3 210
4 0 211
5 0 211
6 0 211
7 0 211
8 0 211
4 0 212
5 0 212
6 0 212
7 0 212
8 0 212
4 0 213
5 0 213
6 0 213
7 0 213
8 0 213
4 0 214
5 0 214
6 0 214
7 0 214
8 0 214
4 0 215
5 0 215
6 0 215
7 0 215
8 0 215
4 0 216
5 0 216
6 0 216
7 0 216
8 0 216
4 0 217
5 0 217
6 0 217
7 0 217
8 0 217
4 0 218
5 0 218
6 0 218
7 0 218
8 0 218
4 0 219
5 0 219
6 0 219
7 0 219
8 0 219
4 0 220
5 0 220
6 0 220
7 0 220
8 0 220
4 0 221
5 0 221
6 0 221
7 0 221
8 0 221
4 0 222
5 0 222
6 0 222
7 0 222
8 0 222
4 0 223
5 0 223
6 0 223
7 0 223
8 0 223
4 0 224
5 0 224
6 0 224
7 0 224
8 0 224
4 0 225
5 0 225
6 0 225
7 0 225
8 0 225
4 0 226
5 0 226
6 0 226
7 0 226
8 0 226
4 0 227
5 0 227
6 0 227
7 0 227
8 0 227
4 0 228
5 0 228
6 0 228
7 0 228
8 0 228
4 0 229
5 0 229
6 0 229
7 0 229
8 0 229
4 0 230
5 0 230
6 0 230
7 0 230
8 0 230
4 0 231
5 0 231
6 0 231
7 0 231
8 0 231
4 0 232
5 0 232
6 0 232
7 0 232
8 0 232
4 0 233
5 0 233
6 0 233
7 0 233
8 0 233
4 0 234
5 0 234
6 0 234
7 0 234
8 0 234
4 0 235
5 0 235
6 0 235
7 0 235
8 0 235
4 0 236
5 0 236
6 0 236
7 0 236
8 0 236
4 0 237
5 0 237
6 0 237
7 0 237
8 0 237
4 0 238
5 0 238
6 0 238
7 0 238
8 0 238
4 0 239
5 0 239
6 0 239
7 0 239
8 0 239
4 0 240
5 0 240
6 0 240
7 0 240
8 0 240
4 0 241
5 0 241
6 0 241
7 0 241
8 0 241
4 0 242
5 0 242
6 0 242
7 0 242
8 0 242
4 0 243
5 0 243
6 0 243
7 0 243
8 0 243
4 0 244
5 0 244
6 0 244
7 0 244
8 0 244
4 0 245
5 0 245
6 0 245
7 0 245
8 0 245
4 0 246
5 0 246
6 0 246
7 0 246
8 0 246
4 0 247
5 0 247
6 0 247
7 0 247
8 0 247
4 0 248
5 0 248
6 0 248
7 0 248
8 0 248
4 0 249
5 0 249
6 0 249
7 0 249
8 0 249
4 0 250
5 0 250
6 0 250
7 0 250
8 0 250
4 0 251
5 0 251
6 0 251
7 0 251
8 0 251